%YAML:1.0
    : !!opencv-matrix
        rows: 543
        cols: 3
        dt: f
        data: [ 251.651627, -18.762335, 34.390839, 
            251.645111, -18.756681, 34.381046, 251.672379, 
            -18.767982, 34.393116, 251.651184, -18.774687, 
            34.406654, 251.643021, -18.758663, 34.393570, 
            251.653152, -18.757986, 34.395714, 251.644089, 
            -18.766071, 34.386898, 251.646378, -18.765850, 
            34.383350, 251.653702, -18.740089, 34.392735, 
            251.672989, -18.750698, 34.397087, 251.645950, 
            -18.770529, 34.392017, 251.657333, -18.749853, 
            34.393520, 251.653717, -18.753441, 34.391094, 
            251.641296, -18.754238, 34.372768, 251.658630, 
            -18.764471, 34.382793, 251.642715, -18.779335, 
            34.393078, 251.645401, -18.747824, 34.358658, 
            251.633240, -18.757978, 34.388699, 251.647141, 
            -18.746887, 34.384144, 251.640320, -18.757805, 
            34.383999, 251.649841, -18.753063, 34.384773, 
            251.633957, -18.765808, 34.398262, 251.642532, 
            -18.770927, 34.376007, 251.654419, -18.784510, 
            34.394188, 251.635651, -18.738804, 34.393578, 
            251.626663, -18.760942, 34.387970, 251.652252, 
            -18.765091, 34.394436, 251.643875, -18.763496, 
            34.389053, 251.632919, -18.756868, 34.400013, 
            251.636826, -18.746849, 34.399712, 251.621994, 
            -18.757605, 34.389412, 251.640747, -18.734472, 
            34.395313, 251.644165, -18.774582, 34.403568, 
            251.631241, -18.749010, 34.392384, 251.652817, 
            -18.749941, 34.387520, 251.649811, -18.756094, 
            34.370636, 251.650131, -18.771294, 34.411869, 
            251.642838, -18.773867, 34.385662, 251.644241, 
            -18.751747, 34.375900, 251.630707, -18.759237, 
            34.370750, 251.635239, -18.752108, 34.381794, 
            251.656815, -18.759005, 34.401783, 251.643951, 
            -18.765045, 34.391464, 251.645416, -18.752728, 
            34.403591, 251.645569, -18.759960, 34.399311, 
            251.634567, -18.751940, 34.383785, 251.648193, 
            -18.760155, 34.391357, 251.666245, -18.741934, 
            34.391697, 251.646057, -18.748840, 34.403790, 
            251.638443, -18.764385, 34.378750, 251.636871, 
            -18.758686, 34.393536, 251.645248, -18.750959, 
            34.390850, 251.653748, -18.764456, 34.402218, 
            251.643768, -18.769112, 34.388325, 251.650772, 
            -18.761261, 34.405350, 251.639267, -18.758472, 
            34.383389, 251.641724, -18.767033, 34.392227, 
            251.622772, -18.748470, 34.379013, 251.661499, 
            -18.759834, 34.383717, 251.622345, -18.773829, 
            34.387085, 251.645889, -18.743628, 34.397026, 
            251.645386, -18.760452, 34.379940, 251.653214, 
            -18.767256, 34.385612, 251.641037, -18.738689, 
            34.365765, 251.664490, -18.769014, 34.386883, 
            251.644424, -18.760679, 34.383705, 251.663483, 
            -18.765081, 34.390469, 251.631378, -18.733957, 
            34.377987, 251.631683, -18.756636, 34.375153, 
            251.626236, -18.739485, 34.385071, 251.643967, 
            -18.751406, 34.403309, 251.630341, -18.749313, 
            34.375065, 251.644363, -18.739191, 34.381058, 
            251.640274, -18.762987, 34.391911, 251.635239, 
            -18.729128, 34.376194, 251.652176, -18.764656, 
            34.377609, 251.628677, -18.761406, 34.411102, 
            251.658890, -18.741922, 34.382908, 251.649277, 
            -18.763086, 34.393635, 251.643982, -18.733749, 
            34.404102, 251.648727, -18.761892, 34.384148, 
            251.624496, -18.756905, 34.407417, 251.656906, 
            -18.742117, 34.419689, 251.636230, -18.781298, 
            34.392956, 251.647797, -18.750648, 34.383087, 
            251.661728, -18.772631, 34.390457, 251.653137, 
            -18.743650, 34.370594, 251.640549, -18.768213, 
            34.382339, 251.634567, -18.751389, 34.392586, 
            251.647400, -18.759399, 34.386505, 251.653793, 
            -18.751141, 34.378731, 251.621109, -18.764730, 
            34.408096, 251.662308, -18.733616, 34.395565, 
            251.632538, -18.757664, 34.415489, 251.655533, 
            -18.746374, 34.398018, 251.631195, -18.762486, 
            34.374409, 251.654907, -18.741327, 34.407417, 
            251.651352, -18.744164, 34.405758, 251.652740, 
            -18.773590, 34.393040, 251.649765, -18.742619, 
            34.402710, 251.633102, -18.750446, 34.375008, 
            251.656219, -18.740068, 34.398716, 251.637695, 
            -18.766689, 34.392178, 251.636703, -18.750326, 
            34.390110, 251.635513, -18.775814, 34.399963, 
            251.649414, -18.757826, 34.383224, 251.642563, 
            -18.760721, 34.390560, 251.645020, -18.751282, 
            34.401791, 251.631866, -18.748358, 34.392567, 
            251.643158, -18.748236, 34.406097, 251.649155, 
            -18.742565, 34.399200, 251.632172, -18.752996, 
            34.403030, 251.649246, -18.721802, 34.399456, 
            251.634567, -18.760925, 34.369209, 251.657333, 
            -18.766829, 34.394585, 251.655197, -18.767036, 
            34.416405, 251.642563, -18.749918, 34.394554, 
            251.655487, -18.761202, 34.399330, 251.653168, 
            -18.764944, 34.404766, 251.659943, -18.764179, 
            34.386456, 251.658875, -18.767090, 34.391788, 
            251.651703, -18.747305, 34.389370, 251.650070, 
            -18.743658, 34.403046, 251.655716, -18.756390, 
            34.399914, 251.651062, -18.741247, 34.395336, 
            251.640839, -18.750704, 34.387852, 251.653259, 
            -18.748644, 34.400333, 251.646774, -18.738583, 
            34.389267, 251.644562, -18.736809, 34.369576, 
            251.643997, -18.738167, 34.394985, 251.655319, 
            -18.756788, 34.392998, 251.642639, -18.761404, 
            34.408607, 251.645187, -18.743782, 34.395943, 
            251.641800, -18.760357, 34.395279, 251.662994, 
            -18.750547, 34.402718, 251.649658, -18.739702, 
            34.392662, 251.638336, -18.737661, 34.391705, 
            251.635239, -18.753586, 34.374905, 251.649078, 
            -18.727562, 34.394444, 251.672714, -18.734968, 
            34.389004, 251.631744, -18.767174, 34.398643, 
            251.652206, -18.737444, 34.388447, 251.643616, 
            -18.762127, 34.392750, 251.638916, -18.745314, 
            34.396877, 251.653763, -18.763411, 34.403114, 
            251.631577, -18.751699, 34.400421, 251.654861, 
            -18.749781, 34.394638, 251.651382, -18.764585, 
            34.386497, 251.640198, -18.736561, 34.393303, 
            251.651703, -18.757515, 34.403793, 251.650970, 
            -18.770512, 34.411011, 251.645325, -18.757210, 
            34.398766, 251.641251, -18.749079, 34.378765, 
            251.647064, -18.746471, 34.394020, 251.653778, 
            -18.749254, 34.386581, 251.640045, -18.749676, 
            34.395649, 251.649979, -18.767769, 34.385883, 
            251.656158, -18.741417, 34.389252, 251.634872, 
            -18.746635, 34.399059, 251.636169, -18.769302, 
            34.387653, 251.648392, -18.758425, 34.406029, 
            251.631561, -18.751381, 34.383686, 251.643051, 
            -18.771492, 34.378063, 251.648972, -18.755157, 
            34.386131, 251.649750, -18.754892, 34.367714, 
            251.634247, -18.731934, 34.371353, 251.625824, 
            -18.729025, 34.391975, 251.657608, -18.735001, 
            34.379337, 251.633743, -18.744097, 34.406944, 
            251.654037, -18.742605, 34.403648, 251.635300, 
            -18.750639, 34.396851, 251.655930, -18.748116, 
            34.384995, 251.637100, -18.750114, 34.407410, 
            251.645676, -18.737528, 34.388279, 251.640030, 
            -18.760525, 34.406322, 251.643387, -18.760021, 
